Prior[porn]=0.661969
Prior[notporn]=0.33803099999999997
