Prior[possible]=0.13064478799999976
Prior[verylikely]=0.07624194600000002
Prior[likely]=0.2131103420000002
Prior[unlikely]=0.38724911199999723
Prior[veryunlikely]=0.1927536100000005
